% Model:              coil.mph
% Version:            COMSOL 5.2.1.152
% Date:               Oct 29 2017, 14:45
% Dimension:          2
% Nodes:              1070
% Expressions:        1
% Description:        Magnetic vector potential, z component
% Length unit:        m
% x                       y                        comp1.Az (Wb/m)
-1                        -1                       0
-0.9259602423509594       -1                       0
-0.951971312809178        -0.9499136082143214      4.3935790708487806E-5
-1                        -0.9259602423509503      0
-0.8518834229696108       -1                       0
-0.8888100444474576       -0.9350031998590511      1.3199374705201095E-4
-1                        -0.8518834229696102      0
-0.9450862772474732       -0.888604598861605       1.1172179094344439E-4
-0.777806603580949        -1                       0
-0.8113130365216685       -0.9409085703961283      2.0358727166627964E-4
-1                        -0.7778066035809483      0
-0.9424923618102389       -0.8155408644307144      1.936949899465485E-4
-0.7037297841922872       -1                       0
-0.739087892265928        -0.9402686793858367      2.8431376725972273E-4
-1                        -0.7037297841922867      0
-0.9410226436829034       -0.7419475921642699      2.7766137293470163E-4
-0.6296529648036253       -1                       0
-0.6656573787624704       -0.9398121242584593      3.663208530240132E-4
-1                        -0.6296529648036251      0
-0.940953492048814        -0.6677944362926226      3.5710356928615386E-4
-0.5555761454149635       -1                       0
-0.5919121015486272       -0.9397681128416556      4.4552540550222907E-4
-1                        -0.5555761454149633      0
-0.940557912427786        -0.5933029172236363      4.382252784692177E-4
-0.48149932602630163      -1                       0
-0.5180774617686112       -0.9399058405508542      5.210195054138877E-4
-1                        -0.48149932602630147     0
-0.9404875718670828       -0.5189674991435578      5.150738064031599E-4
-0.4074225066376398       -1                       0
-0.444214737017268        -0.9400458806363302      5.924052527737432E-4
-1                        -0.4074225066376398      0
-0.9404073707838863       -0.4447785604606642      5.882938565517369E-4
-0.33334568724897795      -1                       0
-0.37030532759196794      -0.9401767337793427      6.580327640495065E-4
-1                        -0.3333456872489781      0
-0.9403739825096217       -0.37063107172644316     6.555790198256453E-4
-0.2592688678603161       -1                       0
-0.29637400549603216      -0.9403172073776106      7.156047022412155E-4
-1                        -0.25926886786031633     0
-0.9403777177938634       -0.29651152102537703     7.147758531083919E-4
-0.18519204847165427      -1                       0
-0.2224179962917672       -0.9404393700277014      7.632457734103403E-4
-1                        -0.18519204847165455     0
-0.9403937397349319       -0.22241849003236258     7.638324994215395E-4
-0.11111522908299243      -1                       0
-0.14842864380507562      -0.9404869743943575      7.996355732836662E-4
-1                        -0.11111522908299287     0
-0.9403920199005972       -0.148332374606322       8.009561402622895E-4
-0.03703840969433059      -1                       0
-0.07438963687905202      -0.9404606701753092      8.230796872865513E-4
-1                        -0.0370384096943312      0
-0.940361765266723        -0.07424875856856746     8.244824295907523E-4
0.0370384096943312        -1                       0
-3.0135613471770603E-4    -0.9403990364147677      8.318359904830893E-4
0.11111522908299287       -1                       0
0.07381238077348823       -0.9403256625626617      8.250761726610693E-4
0.18519204847165455       -1                       0
0.14795088052144886       -0.9402599494059652      8.028945723498601E-4
-1                        0.03703840969433059      0
-0.9403056249459881       -1.7054237962773355E-4   8.331445309678658E-4
-1                        0.11111522908299243      0
-0.9402508847348444       0.07392307245080144      8.260903460682937E-4
-1                        0.18519204847165427      0
-0.9402272006811266       0.14804813084170557      8.032963403781851E-4
0.25926886786031633       -1                       0
0.222111869863962         -0.9402233853871688      7.662038593250621E-4
0.3333456872489781        -1                       0
0.2962881526522267        -0.9402373172512193      7.16629012419057E-4
-1                        0.2592688678603161       0
-0.940247452210186        0.22217837363891293      7.658552331447577E-4
-1                        0.33334568724897795      0
-0.9403103604713051       0.2962948568871777       7.157457152170174E-4
0.4074225066376398        -1                       0
0.37046053003109697       -0.9403443117058169      6.560518570674268E-4
0.48149932602630147       -1                       0
0.4445379467363521        -0.9404470064600021      5.881284506141179E-4
-1                        0.4074225066376398       0
-0.9403803613635157       0.37041426788600407      6.556942883353425E-4
-1                        0.48149932602630163      0
-0.9403768814672205       0.44460525425589453      5.887595242372545E-4
0.5555761454149633        -1                       0
0.5185480618391612        -0.9406662163794616      5.139454521557225E-4
-1                        0.5555761454149635       0
-0.9401151287910551       0.5189441000786583       5.183258665919869E-4
0.6296529648036251        -1                       0
0.5927042605340178        -0.9407686572182511      4.3729248116146764E-4
0.7037297841922867        -1                       0
0.6670853916990798        -0.9414721463940393      3.547096633030571E-4
-1                        0.6296529648036253       0
-0.9398490125324211       0.5931849490038089       4.4358232916591277E-4
-1                        0.7037297841922872       0
-0.939302552415656        0.6685643384764182       3.6625633388070224E-4
0.7778066035809483        -1                       0
0.7410389324862622        -0.9416188521940634      2.758162718984807E-4
0.8518834229696102        -1                       0
0.8147861311926837        -0.9427212275707668      1.9371240754626485E-4
-1                        0.777806603580949        0
-0.9388947667399828       0.7415625062261282       2.8811075386250194E-4
-1                        0.8518834229696108       0
-0.9401724674130184       0.8107830763381157       2.067019718871015E-4
0.9259602423509503        -1                       0
0.8879192737305055        -0.9452222240431767      1.1213073828052416E-4
1                         -1                       0
0.9498027595769972        -0.951982228201202       4.4023018312629626E-5
-1                        0.9259602423509594       0
-0.9323588721815032       0.8886102235242742       1.3761097148380243E-4
-1                        1                        0
-0.9489751412155417       0.95225047271166         4.449882600445496E-5
1                         -0.9259602423509594      0
-0.0625                   -0.125                   0.021683269856338606
-0.125                    -0.125                   0.019448641494294483
-0.08934369166182668      -0.183441358339986       0.01770935680037133
-0.125                    -0.0625                  0.02168273284133275
-0.18332640788677518      -0.08993867012693516     0.01770231851226933
-0.9259602423509503       1                        0
1                         -0.8518834229696108      0
0.9339708959799315        -0.8882289161980411      1.347910700422099E-4
0                         -0.125                   0.022420134455302984
-0.030367500374437157     -0.18026756620340958     0.018744405893095315
0.0625                    -0.125                   0.021683382734736575
0.030194891664384892      -0.17926143509628806     0.018801411500344613
-0.125                    0                        0.022419824327352993
-0.1803059335229169       -0.030138483946352105    0.018744084931613333
-0.125                    0.0625                   0.02168226458556712
-0.17974469005148308      0.030261353268137888     0.01877428877993439
-0.8518834229696102       1                        0
-0.8865565915452551       0.9466818976830659       1.1046946219056904E-4
1                         -0.777806603580949       0
0.9398831127573913        -0.810940213219323       2.0752985360666712E-4
0.125                     -0.125                   0.019447614574640136
0.08875531584544981       -0.18233788346532728     0.017774841242165548
-0.125                    0.125                    0.019448084426767435
-0.18219325761999683      0.08959363204141309      0.01776393306862763
-0.7778066035809483       1                        0
-0.8167870151884354       0.9401136575329816       2.0034746333547562E-4
1                         -0.7037297841922872      0
0.9396233901591775        -0.7389396077086614      2.875492413058167E-4
0.125                     -0.0625                  0.021681908159079263
0.1816770105486042        -0.09222722180791432     0.017732187832836723
-0.0625                   0.125                    0.021683087661481405
-0.09052581602928045      0.1825093920987775       0.01772892448261745
-0.7037297841922867       1                        0
-0.742862004517166        0.9396617822978738       2.830692250256797E-4
1                         -0.6296529648036253      0
0.9395443825305331        -0.6661592614513311      3.674069722944698E-4
0.125                     0                        0.022419401457583272
0.18053429126925777       -0.031758719960411214    0.01871871188620269
0                         0.125                    0.022420295182198468
-0.0300058705261695       0.1801829982080577       0.01875187853352173
-0.6296529648036251       1                        0
-0.6684355221947063       0.9395677711000635       3.647945783128705E-4
1                         -0.5555761454149635      0
0.9396987800328614        -0.5922034421550088      4.457303884661059E-4
0.125                     0.0625                   0.02168186689975032
0.18046657107910136       0.02941614055658306      0.018740985929192596
0.0625                    0.125                    0.021683049158000917
0.03103534844784281       0.18051690218653768      0.018725483217727327
-0.5555761454149633       1                        0
-0.5937622570872705       0.9397509365156197       4.436951598782803E-4
1                         -0.48149932602630163     0
0.9399153994634527        -0.5183788939694534      5.206306990917817E-4
0.125                     0.125                    0.01944731716611576
0.18138860799628426       0.08979312902408779      0.017798385662801255
0.09117847379397555       0.1814156969212787       0.017767537157158484
-0.48149932602630147      1                        0
-0.5190938660190115       0.9399801863014905       5.193441071910206E-4
1                         -0.4074225066376398      0
0.9400337752082755        -0.44446091633197066     5.922916684499499E-4
-0.4074225066376398       1                        0
-0.4448031990618464       0.9400368845600794       5.919352816832062E-4
1                         -0.33334568724897795     0
0.9400798469197915        -0.37032704841234426     6.590828167987913E-4
-0.3333456872489781       1                        0
-0.3705502129015041       0.9400837099315275       6.588483467490374E-4
1                         -0.2592688678603161      0
0.9401293945472765        -0.29624358246867627     7.17960152969303E-4
-0.25926886786031633      1                        0
-0.29640248509778305      0.9401316748460312       7.17815329629802E-4
1                         -0.18519204847165427     0
0.9401670666636784        -0.22219919415845799     7.668764723477776E-4
-0.18519204847165455      1                        0
-0.2223095467598781       0.9401577806378817       7.669306946422203E-4
1                         -0.11111522908299243     0
0.9401724776173913        -0.1481628165346525      8.039871427464031E-4
-0.11111522908299287      1                        0
-0.14824788876620043      0.940145918077471        8.043099345243673E-4
1                         -0.03703840969433059     0
0.9401536401165829        -0.07410653641021056     8.274016858473933E-4
-0.0370384096943312       1                        0
-0.07416372122246527      0.9401158457857074       8.279137256870624E-4
1                         0.0370384096943312       0
0.9401331872749615        -2.7584088195681717E-5   8.355615573493023E-4
0.03703840969433059       1                        0
-6.787886057928068E-5     0.940082743806502        8.362685161885227E-4
1                         0.11111522908299287      0
0.9401189725502551        0.07405773534470679      8.278927639690679E-4
0.11111522908299243       1                        0
0.07403133073086686       0.940064738035189        8.28651658055993E-4
1                         0.18519204847165455      0
0.9401084518993964        0.1481359152960497       8.04861464865155E-4
0.18519204847165427       1                        0
0.1481019869907411        0.9400629333892249       8.054900068181755E-4
1                         0.25926886786031633      0
0.9400985167037915        0.2222107513132243       7.677511797482395E-4
0.2592688678603161        1                        0
0.2221281549058918        0.9400552244803126       7.683568688783836E-4
1                         0.3333456872489781       0
0.9400888005970804        0.2962915683932496       7.184128372481516E-4
0.33334568724897795       1                        0
0.2961261990907255        0.940024898280528        7.193039124641517E-4
1                         0.4074225066376398       0
0.9400780251959407        0.3703792882622274       6.590578835129557E-4
0.4074225066376398        1                        0
0.3700986913725839        0.9399539839809111       6.606672569243275E-4
1                         0.48149932602630147      0
0.9400671331398566        0.4444701830847752       5.919524383250168E-4
0.48149932602630163       1                        0
0.4439712839518112        0.9398234063069268       5.948400750425149E-4
1                         0.5555761454149633       0
0.9400358927607239        0.5185912519562984       5.193701034535764E-4
0.5555761454149635        1                        0
0.5176533761579555        0.9396159695001017       5.239690348204472E-4
1                         0.6296529648036251       0
0.9400592609484505        0.5927084315070956       4.425313894993658E-4
0.6296529648036253        1                        0
0.5913597294640062        0.9393216986581768       4.4941967876733043E-4
1                         0.7037297841922867       0
0.9403976574674832        0.6667598072692701       3.615750069151461E-4
0.7037297841922872        1                        0
0.6650477201180213        0.9391347842434187       3.711127754650281E-4
1                         0.7778066035809483       0
0.9408103924492672        0.7407962503349895       2.7989830868715596E-4
0.777806603580949         1                        0
0.738510780790401         0.939007678836241        2.909578108727694E-4
1                         0.8518834229696102       0
0.942273312515855         0.8143823832354231       1.95652639930808E-4
0.8518834229696108        1                        0
0.8096186763738448        0.9391620219054806       2.1148595608065085E-4
1                         0.9259602423509503       0
0.9454305499067561        0.8863579063682433       1.1326022185445196E-4
0.9259602423509594        1                        0
0.8860627798337012        0.9333476000603256       1.3870030389867194E-4
1                         1                        0
0.9514907144182831        0.9491331497559038       4.506691993972134E-5
-0.8345301613949352       -0.8864240414824847      3.4326862735978E-4
-0.8872439214538745       -0.8533263119790699      3.020822698042332E-4
-0.7730403152398194       -0.8808228787591851      4.939493955904481E-4
-0.8148779019700167       -0.8181433316194962      6.151434328458735E-4
-0.8816012136567353       -0.7796769401992165      4.763927543698721E-4
-0.7014295869418163       -0.879572442500732       6.559515317583637E-4
-0.7369798452309658       -0.818020582777779       8.746473735122693E-4
-0.7679927127841174       -0.7658343696345457      9.934040105563243E-4
-0.822757149657798        -0.7428981772325931      8.326648461602723E-4
-0.8819511245856292       -0.7049906782602152      6.353491783821492E-4
-0.6278835130098175       -0.8791808419873638      8.180504594172579E-4
-0.6635339924070359       -0.8170108495565027      0.0011240610509927198
-0.7012882399062896       -0.7464863215359421      0.0013859662029482463
-0.7640604271555174       -0.7036234350069179      0.0012792168302609502
-0.822765837444265        -0.6677891658111809      0.001074844812064133
-0.8815439497290108       -0.6307388057826874      7.959525524966251E-4
-0.554159823549791        -0.8796320756078426      9.714220692107044E-4
-0.58934849101683         -0.8189408711867422      0.0013534716577096777
-0.6227962608236711       -0.7573401690421092      0.0016738029460169749
-0.6482562273757901       -0.6909748376029727      0.001994086217009394
-0.7063036667483693       -0.6687723553412273      0.0017831084631593358
-0.7644123566635519       -0.6303821975139738      0.0015920174675200175
-0.8218700168740827       -0.5941017010706977      0.001316306819396387
-0.8811691248790411       -0.5564534025577976      9.542199402281653E-4
-0.4806387162386246       -0.8800478052011748      0.0011177907395829789
-0.5165313950924595       -0.8200363190373752      0.0015746934223651594
-0.5509240856967476       -0.7604915141871376      0.0019611308251658408
-0.5801339556067439       -0.7012534529761738      0.0022999838017377116
-0.6003516263058075       -0.6503711444125144      0.0025707898022450776
-0.6447917231990772       -0.6213815055563876      0.0024737957009245653
-0.7042291887804248       -0.5914072846232625      0.0022157906127290277
-0.7624307335778391       -0.5564216526673076      0.0019217453775712122
-0.8217070025048875       -0.5194511197528372      0.00155092761094094
-0.8809658479855988       -0.48214775606001914     0.0011062028083750947
-0.40701175022409775      -0.8803472893023044      0.0012556031561480917
-0.4433076983290322       -0.8205883991678312      0.0017897139346701718
-0.47899681741113576      -0.760972448676366       0.002257015306612775
-0.5128348948212162       -0.702396545549532       0.00265220040324934
-0.543576141048627        -0.6451999709505113      0.0029824812202333562
-0.5819807154882339       -0.587304367764754       0.0031884557043541056
-0.6444105709166875       -0.5528760559519003      0.0029283657550427645
-0.7029949909416041       -0.5184712136908814      0.002616855122034122
-0.7623034840722676       -0.4823094686010344      0.00223066809075941
-0.8215420349870907       -0.4452764456937102      0.0017743293255285972
-0.8808437361489303       -0.4079545300257245      0.001248625975055823
-0.3333087814946342       -0.8806165449948916      0.0013802655364846443
-0.3700183705014303       -0.8209705425771464      0.001989845166596765
-0.406428063947637        -0.7614431005000478      0.0025389140295548995
-0.44238439535991847      -0.7020184346669911      0.003022093563282514
-0.4765969893480422       -0.6437456681853766      0.0034300601917454624
-0.5095586590700983       -0.5861286477949801      0.0037633210194295123
-0.5375221786472004       -0.5370198341349977      0.003983398090673514
-0.5878336354701703       -0.516763324581091       0.0036913273941029186
-0.645222034491296        -0.4817557038203675      0.0033822085594043534
-0.7035349678701814       -0.4456674555241229      0.0029894395319396204
-0.7624104708669129       -0.40864407142827436     0.002519860187968823
-0.82145531381606         -0.37121818344009866     0.001981166501857524
-0.8808064407841488       -0.33379274388845587     0.00137726201307582
-0.2595144742912314       -0.8808691963878551      0.001487271693247912
-0.2964966940613783       -0.8212920188999528      0.002168209839468999
-0.33345777752264855      -0.7618129268417443      0.002798532755146532
-0.37037222285003485      -0.7025290319909375      0.003368684611781037
-0.40677941793282213      -0.6433991408277661      0.0038713447246493744
-0.4421727260427173       -0.5832045139006647      0.00431361109637252
-0.47550320384577005      -0.5202975318335767      0.004711445341806058
-0.5333728404760245       -0.47983621389575537     0.004535795062221091
-0.5883055365205812       -0.44648279419234344     0.004224496805105559
-0.6453947808388548       -0.41021193907809056     0.003827344507576335
-0.7036834757065688       -0.3726694148109296      0.003344121359781711
-0.7624207341200736       -0.3347936683356177      0.0027865428601680964
-0.8214962262564122       -0.2970931283700931      0.0021643011380213773
-0.8808627971894705       -0.2596855538393148      0.0014871218405983694
-0.1856526388830365       -0.8810402542612629      0.0015729232021751305
-0.2227806451341485       -0.8216071599938982      0.002316840408893078
-0.260007210827802        -0.7620790098538227      0.003026419109914028
-0.2975709733960931       -0.7027476356806616      0.0036874942157011613
-0.3356492838542227       -0.6438144733366336      0.004282777421638076
-0.37351531622360923      -0.5851067192371227      0.004801904761521447
-0.40896102228964837      -0.52970936571108        0.005210206490321297
-0.4275346182558336       -0.4827230981697953      0.005599075293230128
-0.4702877867641673       -0.44716437405838116     0.005538221959696791
-0.5312406435472747       -0.4135514147226256      0.005151021127890753
-0.5868018830147886       -0.37677887789473014     0.004756880502386685
-0.6450758913137268       -0.3379181763944062      0.004253623197159474
-0.7038027356678934       -0.2988216336105067      0.003668325888745983
-0.7625869111049751       -0.2605377519620567      0.0030181167072847355
-0.8809042025074656       -0.1856006967254471      0.001574801749343879
-0.8215597680631671       -0.22295628306874812     0.0023171522944690002
-0.11170586261825098      -0.8810641192237769      0.0016341166897369246
-0.1489537524706301       -0.8217760747336138      0.002430324182064386
-0.18613294206273534      -0.7626334509834629      0.003205993065344949
-0.22430458819033383      -0.7029826500663208      0.003959043710259665
-0.26252972464996827      -0.6436895499842444      0.004665326190660751
-0.3031333960643545       -0.5854207514918166      0.00528228500893605
-0.3420243583128895       -0.5285437568070901      0.005804324691013039
-0.3763822744007641       -0.4776348177423283      0.006186375080121689
-0.4126598909521516       -0.44207659765816365     0.006253690369030136
-0.42963067636214786      -0.39125089092302856     0.006661923188253799
-0.48354398407949395      -0.38390796328366006     0.006031665140708572
-0.5251318304285929       -0.34713826501088374     0.005808806830227566
-0.5857662810642302       -0.30537231444318186     0.005262680449515709
-0.6454184977349126       -0.26367385902594564     0.004634704128554945
-0.7043810276241459       -0.22344154362890398     0.003941706558971831
-0.8808487780532045       -0.11148260133094684     0.0016372653235542216
-0.7624372443482827       -0.18636845705705968     0.0032082853872539767
-0.821512359239518        -0.14881271777491062     0.002434226143425691
-0.037681404408674506     -0.8809548633138791      0.0016675177741181217
-0.07508432803919424      -0.8216630610112502      0.0025046322584153136
-0.11240641947679796      -0.7626377455020177      0.0033376306915554647
-0.18938305771544597      -0.6433677272915145      0.004984216670866559
-0.15063460194746178      -0.7034687313949547      0.0041640585108905295
-0.2308670696070428       -0.5849792442769006      0.005725037028347299
-0.2742167513793049       -0.5263925947488136      0.006381737584965304
-0.315937389519656        -0.4669982919113795      0.00695169956991968
-0.3610762675371948       -0.41092436450974296     0.007284382402159715
-0.3863381080305905       -0.34236580258840194     0.007887136991238169
-0.4582880553958993       -0.32766072936796203     0.0069655698379386555
-0.5239678108508831       -0.2767412181869096      0.006401011291616286
-0.8807297489728138       -0.0373773430879057      0.0016707894347093193
-0.5883262984224019       -0.22998681554326125     0.005676149741809582
-0.6455306681546746       -0.18653010306297074     0.0049606069837353555
-0.7033505253859548       -0.14912989580199082     0.004169444230242071
-0.8213246306444432       -0.07458084792245699     0.002509897474455391
-0.7620397811062016       -0.11191291488036204     0.0033472554034427947
0.03643088908036401       -0.8807851553144438      0.001670205461937159
-0.0010493133836578974    -0.821418302317111       0.0025335240017203757
0.11061354235661906       -0.8805998756133198      0.0016412931845745955
0.1848437746075122        -0.8804538474526562      0.0015816179052685869
-0.15306478322258543      -0.579476031352778       0.0061916658004225805
-0.03866803001858976      -0.7622539717329874      0.003412423199940278
-0.0767016806221309       -0.7035691716169545      0.004297884684601586
-0.11489757867528372      -0.6456101566738881      0.005177081102155464
-0.2069640667518547       -0.524764697772724       0.006882735075647483
-0.14655997837011248      -0.507269192786675       0.007563234531792161
-0.10391158155124706      -0.5427339257340698      0.007052534950196449
-0.24638170365248815      -0.46765664486562325     0.0076018785835768815
-0.5264297417819631       -0.2045654794615897      0.006868356706312932
-0.2857986092309864       -0.40732881479780714     0.008260172408453477
-0.3183774048238449       -0.34688989746477905     0.008849462249835495
-0.3493527336584733       -0.29861886955480194     0.00910211292419604
-0.4013035104059826       -0.2788500637100971      0.008449266783431967
-0.462604564016796        -0.24691124306494938     0.007687556100938671
-0.880539906484307        0.03667256559052994      0.0016736439949508934
-0.8804623216979542       0.11082960745231556      0.0016430760630095768
-0.8210959942852522       -4.3974235777923497E-4   0.0025382695484987214
-0.5811243197209471       -0.1462374590241343      0.006189527609360543
-0.5097555831804084       -0.14387377422347886     0.007528285778108581
-0.6426630672237001       -0.11135988790947515     0.0052348025933887975
-0.702398215729759        -0.07458381968879506     0.004319265869947776
-0.761766778144613        -0.03747127562214514     0.0034204551648038006
-0.8804616223541837       0.18504196694429598      0.0015813113241077183
0.25912315589606494       -0.880399284512301       0.0014937447182145679
0.33338521560417184       -0.8805066975420563      0.0013814253707080104
0.07317991833605117       -0.8210691778106618      0.0025145481738625412
0.035524028719878385      -0.7617976598175783      0.0034208837234970453
0.14745602561808416       -0.8207296225307935      0.002447018793180503
0.2218071733888941        -0.8205109672663891      0.0023333135579991066
-0.07846059859870294      -0.5981658106025218      0.006083026151463126
-0.05997256792080476      -0.5476481714592593      0.007071975227937793
-0.002360348774872223     -0.702421202421141       0.004365099812043531
-0.04149010243773599      -0.6448269580151588      0.005311268528755676
-0.07211340460136087      -0.5125721586129365      0.007751913558275527
-0.10473187313577334      -0.4963684509497092      0.007979052436969692
-0.02643107458911805      -0.5125199509457528      0.007837108245805897
-0.1848938680073948       -0.46122547807001585     0.00823338755639187
-0.12523821732922966      -0.4559253708294917      0.008743286094064747
-0.2192515562901087       -0.4057592713424063      0.009043468446361653
-0.46118817319062516      -0.18025926125242928     0.008268976520701478
-0.2537673335626257       -0.34574441869291184     0.009825759642458168
-0.2893615596064407       -0.2816542075107247      0.010467294166057519
-0.3467871829633332       -0.24415292436490935     0.009942250280812618
-0.4044500924754224       -0.2133907064107086      0.009132233333657784
-0.5373869295731549       -0.09866400358043573     0.007173717084112054
-0.49414170550327885      -0.09157960748473962     0.008076350395441686
-0.45499631030638243      -0.11737884538160195     0.008807308028805902
-0.8207175666367937       0.07347690360132259      0.0025194704232658536
-0.8205835991801846       0.14783086734448925      0.0024485984047472984
-0.7615256772055579       0.036652276142996244     0.003424532117275523
-0.5848085143168607       -0.07262972554698371     0.006338978985684119
-0.6430866607743925       -0.037186009391347696    0.005344977717980366
-0.7022163698964647       3.739497352623552E-5     0.004368465301211529
-0.8805805259468213       0.2592293832182209       0.0014913083503849277
-0.8207042993451384       0.2221830959021179       0.0023300314856321714
-0.8807776850496479       0.33336037003194025      0.001378298403369146
0.4075384374855006        -0.8807611048715073      0.0012502595178329036
0.481403026401587         -0.8812327285824377      0.0011051692570284216
0.2961213692815711        -0.8206224560540796      0.0021774147192739064
0.37023898483933404       -0.8210399392828738      0.0019884720620111786
0.11010433762501931       -0.7610844512707241      0.0033640322652432543
0.0729412938353126        -0.7007219649167585      0.004348178639933836
0.1845375911225144        -0.7605848535032901      0.0032387807990310407
0.2589319058078906        -0.760565847193073       0.003049757013929287
-0.009002404491864919     -0.5772249573098179      0.006553723392161669
0.03468786072009455       -0.6395095523147328      0.005408981748783687
0.03053486312987621       -0.5147658436458278      0.007785381746700068
-0.06526238051716289      -0.46327977122024233     0.008840890656131672
-0.0016911919337958938    -0.4586626906248426      0.009047848979629873
-0.15588226356069868      -0.4039454597028585      0.009695660470581709
-0.0940989403842356       -0.40346387224744956     0.010150047379239776
-0.18741640458727724      -0.34766013379677685     0.01068569053484969
-0.4040151878180646       -0.1505335376577651      0.009739229288874147
-0.2182700053809031       -0.29100003833039434     0.011569594638050214
-0.2354452143200093       -0.23559604087219022     0.012509575222785384
-0.2936784484831099       -0.2126952467762046      0.011602342570420322
-0.34848703404648873      -0.1818920879052488      0.010734404091312962
-0.5208593750229209       -0.041255513666772416    0.007644385496606731
-0.4576482123716239       -0.05794315908720234     0.008991169204094126
-0.40313972864566133      -0.08881159556005967     0.010187211422286383
-0.7607372610718885       0.11063814741364539      0.00336850133027341
-0.7605404667034996       0.18514718795640206      0.003238086532532368
-0.7012865661363672       0.07480056494755571      0.004336823506708644
-0.5837307335860479       -0.0010754797097369355   0.006431787073385494
-0.6427771139216882       0.038166256489389525     0.005349568173979964
-0.5233545499238892       0.03199854555953536      0.007604988742170567
-0.8210560811410034       0.29639065175345         0.00217139218355812
-0.7610106346316787       0.259600577483374        0.0030418773807963334
-0.8809507260122764       0.40749811555880394      0.001248327315028092
-0.8215047448738554       0.37042608660180304      0.0019826987359316092
-0.8808937982686988       0.4818757278794196       0.0011074134582116256
0.5554925691123231        -0.881659820959534       9.522342988196841E-4
0.4441167226028932        -0.8216815776209692      0.0017762758559590629
0.5179925960585046        -0.822388585389367       0.001549377798458005
0.3331369705727859        -0.7610466227121606      0.002809021094026879
0.40686362544006666       -0.7619576337551964      0.00253159543998042
0.14842687841091676       -0.7002433776525853      0.0042190403880374
0.11243749996989          -0.6382413591172215      0.005306726158809401
0.22271833423574838       -0.7004697382989705      0.004000779583631779
0.2961999095016211        -0.7006819442334757      0.0037206754125145465
0.07830942418637918       -0.5672708257929686      0.006654791322741806
0.055567511015951         -0.45577558331720286     0.00904097521066375
0.08408210062069311       -0.49994493939350015     0.007979894759024372
-0.03253195163108657      -0.40344590252972007     0.010389011122298142
0.027388187566394776      -0.40261253404559305     0.01042066520627335
-0.12392424866369332      -0.3472157839316723      0.011402526360954094
-0.06263606698319292      -0.3471717737042453      0.011857872809251303
-0.15340302006563408      -0.29229583078041793     0.012589499838382109
-0.34811228183769943      -0.12021585034213114     0.011412575286713038
-0.17859570115689766      -0.23895482929436446     0.013680413348606783
-0.19889010647533859      -0.1987197432427651      0.014319971366634201
-0.24149773610505124      -0.1778998265111861      0.013621955211688672
-0.29387901070130235      -0.15036426187977417     0.012588295972154731
-0.4649621712899932       0.0015650588245228504    0.008901195022486786
-0.4054920066051223       -0.027746570521046107    0.010344272098112265
-0.3485743729350756       -0.059051610370611296    0.011834276181345386
-0.6998633450396077       0.14880879237323624      0.004223993826024198
-0.70028674345473         0.22376154896027842      0.003999916290817065
-0.636888214846481        0.11507123099143016      0.00532318001399268
-0.5818368118703123       0.07549995910474763      0.006388199819619945
-0.5197547643784682       0.09887359486942564      0.007522632217668677
-0.4628294520959941       0.06329638958312372      0.008856953867529936
-0.7617765461986014       0.3336581827722892       0.002798294251784357
-0.7017278210327804       0.29794914934180833      0.0036994983133433108
-0.8219623212948476       0.44441415523623684      0.0017725706398019861
-0.7625429344598782       0.4073731381993014       0.002523226410210688
-0.8809261824669025       0.5557516582900967       9.576327267777309E-4
-0.8224890977694936       0.5183291509814918       0.0015474628697282583
0.6298176896602199        -0.8821675094176991      7.93686668254054E-4
0.7045494411628027        -0.8829001481763136      6.311668783129509E-4
0.5921861633720807        -0.8230636585622816      0.0013134381979298256
0.4803614372975613        -0.7629738267676083      0.002232104201544066
0.5541218076879054        -0.7639331734743869      0.001919023211892662
0.3700788310982903        -0.7018442004976775      0.0033782732904793123
0.4429936763350211        -0.7033680971243882      0.0030047167101260827
0.1879859890335836        -0.6402782485576421      0.005038416529455463
0.1546168786641338        -0.5799770549610136      0.006176522551336605
0.26203633682867117       -0.6406324855626097      0.004712293755593989
0.33472959561540616       -0.6410299199626297      0.004324513985086729
0.136980907723593         -0.5217797251859603      0.007327304825881968
0.08710610979644817       -0.4034724425429399      0.01018780576516119
0.11672524461302158       -0.46066321277432953     0.008686003645108326
-0.002124414727316573     -0.3470461041008972      0.012026153542107199
0.05800306287816852       -0.34727248115795556     0.011878039688988762
-0.09171183561642628      -0.29116343627982305     0.013403033318341457
-0.03154758080427715      -0.2908818268476583      0.013836863225692967
-0.1206375050149381       -0.23843848515105992     0.014837042828820307
-0.29304103956962313      -0.0897357088668662      0.013360374342721875
-0.15047158903923527      -0.18966034407007915     0.015922753877061154
-0.189753940029506        -0.1501428162045971      0.01592844872993497
-0.2393378006706358       -0.11963831327661706     0.014822162549297859
-0.40603924544769304      0.03233115592093034      0.010321401820621428
-0.3489974805118493       0.0015450744688728741    0.011966679913881216
-0.2926609311020327       -0.029349007448148525    0.013781008254925285
-0.637479898868211        0.18813801246738518      0.005082351202370117
-0.6410985784554283       0.26305177136773816      0.004700575232906551
-0.5660219846632326       0.1535747129849131       0.006428593609481533
-0.5026617852647768       0.15409644449335963      0.007613069847281663
-0.40459510441077445      0.09283009923093039      0.010128684339954645
-0.45772890767164964      0.12294057031413363      0.0087168069261112
-0.7028285393912854       0.3715715365148116       0.0033594736668760418
-0.6430859470992454       0.33793863483384085      0.0042795148470855275
-0.7634466625588073       0.48112430619274316      0.0022244568115650297
-0.7037114876525268       0.4431678258109387       0.003000202329726393
-0.8787502115209129       0.6306204869590912       8.150507463195008E-4
-0.7636118310485295       0.554919010403464        0.0019183366358757694
-0.8196106628965872       0.5929440797643404       0.0013368730540205566
-0.871747483120809        0.7102860335372985       6.780791329463901E-4
0.8518909945377022        -0.8875104803752041      3.0431696891770025E-4
0.7782762739517392        -0.8826196120495643      4.752885052385578E-4
0.666572294825371         -0.8234932069495908      0.0010742983284786768
0.7405802420181887        -0.8254543176366921      8.273407389487853E-4
0.6290370363591034        -0.7648038493607444      0.0015950826150175328
0.5158316790098977        -0.7047044493123346      0.002615217608966942
0.589205736817937         -0.7057507078665056      0.0022159816247596664
0.40646596730603596       -0.6430917293056587      0.0038768348047731036
0.4782118152135102        -0.6457563339556877      0.003399448817218029
0.22833338284001625       -0.5821225597822153      0.005784956931095012
0.20141581171250506       -0.5246212620497308      0.006920368794573673
0.30227964411952807       -0.5792284540078216      0.005377550236123837
0.37180824641292215       -0.5810162872678135      0.004866617048823873
0.11795639874985614       -0.3485556583383959      0.011420985930923526
0.17496755135774247       -0.46586969014412977     0.008213202101218066
0.14699026623183178       -0.4059677190274449      0.009723006219717797
0.028571872886628602      -0.2909046397234941      0.013846629389833347
0.0887666643954226        -0.29181213092319014     0.01341079213244127
-0.06056729574090283      -0.23553354658366463     0.015799116331105253
-8.594473069801444E-4     -0.23488395154647723     0.01614071426023861
-0.23704735526725584      -0.059820094345718944    0.0157430622361899
-0.3488051547582216       0.0619053595519376       0.011813245656796346
-0.2922980445130466       0.030762928504730683     0.013788982039082636
-0.23599067778455188      1.8138964643597702E-4    0.016091694041200425
-0.5804473888982626       0.2273298642012893       0.005817579686404773
-0.583504833227828        0.3043126838355991       0.005302200715172748
-0.5208838137151359       0.2079005976427979       0.006945745361158614
-0.3484658322968305       0.12304303892492732      0.011376770489055813
-0.4611231342845226       0.18526000379061505      0.008232658180184751
-0.40407011541816945      0.15520808318904938      0.009698564943629522
-0.5857350958613508       0.3791178536370321       0.004753517275624509
-0.6436208146267993       0.4116288143060556       0.003839126264360532
-0.7050241916134998       0.5141041029360354       0.002621368705396124
-0.6475608308040985       0.4801379799047954       0.0033690931756542503
-0.7010757814232567       0.5791189507153878       0.00230690507579732
-0.8171652424884215       0.6647350698769942       0.0011191267894449875
-0.7543375869235991       0.6330643435421066       0.0016489304597894405
-0.8122724608047497       0.7198585526384559       9.610231795362876E-4
-0.8821460974904132       0.778205201231701        4.773600204225329E-4
-0.8341005873557791       0.7578213762178875       7.340532017872283E-4
-0.8847283560497665       0.8325144822645605       3.526388411762299E-4
0.8849683114696489        -0.8337986710608012      3.4920733607280737E-4
0.8168119023127953        -0.8155126463443472      6.175247189101942E-4
0.702867230882937         -0.7629293558945349      0.0012886663764201873
0.76464771536155          -0.7684916662903452      9.962973986131435E-4
0.6670691490598625        -0.7065874615904154      0.001790568291605137
0.6191541686163925        -0.6479736320959769      0.00246583290713097
0.5499945582382139        -0.6465212061358908      0.002929214497359085
0.440933704755935         -0.5855666492375213      0.0042967704540605965
0.5130252836997105        -0.5913053973890472      0.0036874467708298115
0.26838579850070743       -0.5224922872219144      0.00648889556705077
0.23651290443472603       -0.4651266764779791      0.007734723948094913
0.33986312749618314       -0.5153193517460378      0.006009929600789528
0.4065656796588123        -0.5219655568640944      0.005326495810045553
0.1487187072112713        -0.2930066423524261      0.012637207021879095
0.17811198526509542       -0.3498843731523967      0.010746653457402965
0.20706260336095808       -0.40738361326347866     0.009137118460529807
0.058707884035463856      -0.23545858638977732     0.01582073403024012
0.11849361019109655       -0.23912459313260848     0.014849601333291967
-0.2924352213691359       0.09091986026123398      0.013368762387503093
-0.23619085057275013      0.05995045975172986      0.015777616699355176
-0.29369109312366337      0.15220503044643044      0.012567064589841795
-0.5241818321224825       0.27400714967732764      0.0064186805135474445
-0.5263710653330314       0.34511496301426675      0.005808669214579779
-0.4633532721680956       0.24894183141746248      0.007655642813563659
-0.34814089690270994      0.1873333809190241       0.010675326935205174
-0.40436681694252946      0.21984140595466597      0.009065498372742878
-0.528055905877498        0.41189359440415835      0.005204273098858643
-0.5787970578295735       0.45786634646550395      0.004240582555646342
-0.6488355660593689       0.544934654609303        0.0029421217214728288
-0.6036182605081448       0.5175594625044638       0.003537797434538026
-0.6504946302466212       0.5975057426239144       0.0025883093163462136
-0.6836906844365988       0.6395479907945852       0.0020925585822529663
-0.7652898293910199       0.7029417353253978       0.0012754415819504555
-0.7142419925844881       0.6847327812408075       0.0016505432817809495
-0.780623546463719        0.7638554031548404       9.471434222127966E-4
-0.8244340973553207       0.8159315806936407       5.904629849160939E-4
-0.8545610479750071       0.88388287543919         3.0847112182570566E-4
0.8794547805399606        -0.773077253218898       4.995453680946499E-4
0.817446621971332         -0.7374343420528544      8.759001970285765E-4
0.7477065791269368        -0.7016324519477883      0.0013776604016335118
0.6891720699418777        -0.6447248206088637      0.002026114134827591
0.6484263462673838        -0.6005389526430565      0.0025841720061881884
0.584538666071835         -0.5836367161957927      0.0031973331342782458
0.4747850064388641        -0.5339640069004326      0.004574930817555196
0.5352352713849472        -0.5400470679100182      0.0039766471353721786
0.298516261834959         -0.46224514641084485     0.007200833090191643
0.2667027724092661        -0.40719408736419704     0.008486903029997371
0.34654031662876383       -0.4597133109491711      0.006746251994449436
0.37751603918518595       -0.481161306187244       0.006127578755769288
0.4108846903979642        -0.4709178293780155      0.00591528723387482
0.45402811256715864       -0.4837707869621495      0.005315375317759204
0.17615259490565882       -0.24217491967924332     0.013638828811622336
0.2088836505520754        -0.29410310710436743     0.011656907485558601
0.23902540036526157       -0.3503507226528579      0.009940897378253944
0.14983228514320643       -0.18999115165162708     0.015928248045407215
-0.23907237995749522      0.11999870085273932      0.01482542671514156
-0.24084821881457513      0.17759418973550475      0.013647008795862876
-0.2926968753034119       0.21829654588898087      0.011529405083652106
-0.47119953822619287      0.38380422487166166      0.006195801819422146
-0.4653599168852167       0.31795812149042024      0.0069567093268894445
-0.40420411905868675      0.2886837099489481       0.008279818342678692
-0.3455570045530759       0.2554228903796328       0.009805613008658969
-0.43383336946989975      0.420982736038437        0.006258404625503875
-0.47653103643095         0.4456471060299736       0.005483464255083086
-0.5226447491937857       0.4698149379157311       0.004739486447650362
-0.5500590487547269       0.521021889612062        0.004009366662219973
-0.5899517036424602       0.5777164935331784       0.0032005320283518125
-0.6189380109483922       0.6416198206589523       0.0025125719465221887
-0.6585515587418843       0.7014121902449972       0.001869313614820116
-0.7127782395002326       0.7511380107623831       0.0013079576820362417
-0.7484225317171882       0.818193698404525        8.358285214331681E-4
-0.7825013555297624       0.8794454109366171       4.7886666495660176E-4
0.8787557793375615        -0.7014373575697702      6.603931038600606E-4
0.8173029751491876        -0.6644546769459772      0.0011192088189937357
0.7572383935641613        -0.622276184131267       0.0016768051011337678
0.6996861391674409        -0.5791155056865588      0.00231789074375041
0.6429875422169326        -0.5444743149468545      0.0029958012647343848
0.2922010578615744        -0.35667652427171576     0.009066785202917158
0.5848390125203737        -0.5112133268446347      0.003762714901200819
0.5193196349232203        -0.4803157790243186      0.004676778203102236
0.3330915345778451        -0.40362458910449683     0.00774203799251836
0.3837146200496462        -0.43621616129723206     0.006662803616339128
0.4325990005290182        -0.4314753355793579      0.00614981002220859
0.47752091897310656       -0.4373460823630511      0.005558750899918433
0.1984052571457977        -0.1997589993332724      0.014305119129039343
0.23256338183909064       -0.23708859070093277     0.012540533334010229
0.27870606850384555       -0.29214572572890907     0.01046825030060857
0.19210849081112966       -0.15170004386455166     0.01580371761321853
-0.18956534465231775      0.15000733784459347      0.015938882265357376
-0.19863321070535706      0.19854108896647593      0.014331714854455562
-0.23502522695022193      0.23484504370743475      0.012536073582860878
-0.28117248747464857      0.290165939482096        0.01046091527942651
-0.4026527348950547       0.3703656808385065       0.007284551124047271
-0.34722132960035557      0.3252107368191301       0.008741510908481966
-0.3900286548003866       0.43205847268162056      0.006644457317752686
-0.4286485342457693       0.4732756658967993       0.005699560122152727
-0.4797806970761804       0.5126457530669573       0.004750950377724743
-0.5157457756677923       0.5783433094068086       0.003788384267544695
-0.5522656670023882       0.6406181329191821       0.002964649014219776
-0.590122384489316        0.7026647279502136       0.0022347179575611356
-0.6367120498660854       0.758407518595937        0.0016052754471041007
-0.6726059879438785       0.8174534104543191       0.0010913066155584692
-0.7079387890440616       0.8788983197068795       6.453431294575974E-4
0.8790381062036543        -0.6284071200947553      8.178893721820044E-4
0.8192131630109123        -0.5910707933311156      0.0013458781244055247
0.7594607352056467        -0.5504737715409388      0.0019716565226015202
0.700831747808644         -0.5122049902483725      0.002669958574307327
0.6423121681663405        -0.47706584407785574     0.003441549656541192
0.3434758492782177        -0.3300656892161421      0.008727980748746285
0.5826351291114664        -0.44397987917832443     0.0043061025404718825
0.5262806335043971        -0.41194140510809496     0.005225433495825319
0.4004868263823521        -0.37325955790651594     0.007277710852645233
0.46806731970174165       -0.38675928460176073     0.006206145831747431
0.23993806938449938       -0.1804485908801354      0.01361284939191375
0.2902425845022411        -0.2184525968078411      0.011584130923507073
0.34454393332294936       -0.25828029752532616     0.009784173093621935
0.23556959088256396       -0.12123041994187436     0.014929449801151741
-0.1501181456016627       0.18939766353415557      0.01594177152999329
-0.17723411057851815      0.2414329289287811       0.013637784724347493
-0.21063335867712063      0.2922702107126434       0.011671245324546761
-0.29334940502413326      0.35149936345223937      0.009141800071798864
-0.24254458396578213      0.34421636578604614      0.010018011743565591
-0.3339489456435679       0.399117362538832        0.007800886029904168
-0.35092770915012317      0.457421651351088        0.0067328319755370365
-0.385693987849815        0.4811614847338738       0.006044980664905128
-0.4078753958256278       0.5274495589497437       0.005247429412543486
-0.4444373136222148       0.5806877567205806       0.004324140063917375
-0.4808161348330126       0.639812227092988        0.0034424676736559486
-0.5192319660804042       0.7002280406251521       0.0026379313041057346
-0.5618896170119962       0.7593054571704223       0.0019240385938707957
-0.5969468534436324       0.8190109807655541       0.0013284520219945823
-0.6328374640920703       0.879071934490636        8.080867337605066E-4
0.879674121982643         -0.5549981787599476      9.69329434454586E-4
0.8200777340982237        -0.5183465157298961      0.0015687093479890178
0.7597076878737168        -0.47960407932809745     0.0022667829108789267
0.7008621328443324        -0.4421846924444208      0.0030353697515818935
0.6425711284563931        -0.40766149263443235     0.0038755692017407102
0.40241100542460295       -0.29356681578883803     0.008251448699752478
0.5844038161980804        -0.3754951793540924      0.004796566780409419
0.5258188537727025        -0.3478008208332193      0.0057935266349130555
0.4624610835829416        -0.32067658350700134     0.00697383363522948
0.2906990181537363        -0.15453445304503124     0.012618474170532955
0.40377157684542436       -0.22460978077594848     0.009026156531473067
0.346625977310473         -0.19075922708840662     0.01066801054317309
0.2914496377942798        -0.0946195966361017      0.013363660160085373
0.2363300327164396        -0.06293971365558851     0.01574139231377519
-0.11918492881010061      0.23957625169708005      0.014821422945268553
-0.059223948307843055     0.23726766761839835      0.015739687769353083
-0.14858777602787795      0.2942893825061294       0.012601947960427263
-0.178622631476383        0.348821245697571        0.010766209507576965
-0.2707761084335061       0.3996861001008509       0.008575479996795312
-0.20865529951705464      0.4048323663722422       0.009173757054706485
-0.3014189352422584       0.4600674687877631       0.007206901197409893
-0.3419299772157445       0.5147879735642633       0.0059993571801322055
-0.37351558655523515      0.5808853238070194       0.004855842154071542
-0.4085867280318797       0.6400201440569024       0.0038994722347706757
-0.4452808042469719       0.6993917885926683       0.0030350804774071792
-0.48501718889874057      0.7595759100254382       0.0022457843678151007
-0.5211001211498609       0.8198519621439769       0.0015621594519064131
-0.5574018175930067       0.8797435990686184       9.637445354399129E-4
0.8800739167327312        -0.4814993260263016      0.001115838443327337
0.8201184328207576        -0.44395727980159677     0.0017925894514387419
0.7606327487041256        -0.40655786426246193     0.002547342545541573
0.7017951840585491        -0.37064234293532355     0.0033762129389410434
0.6435034436761259        -0.3366688669353388      0.004281159836115911
0.46497562531488584       -0.25292643721224317     0.007590547990950912
0.5856379786009601        -0.30493864372185064     0.005267358313700885
0.5293093431194844        -0.2768535976926749      0.006315313493317406
0.3473911379792288        -0.12763732413098697     0.011362250054692697
0.46186670986252937       -0.19163916540827491     0.008168853891957541
0.40310761305925835       -0.16104091024530562     0.009670060614508398
0.34884973768687555       -0.06752988397986592     0.011782165990729192
0.29253168923768913       -0.035111382998756185    0.013763933169166409
0.23650137361580578       -0.0028472658030131207   0.016068531479193484
0.0015464451024699507     0.23668320420462954      0.016060964819412143
-0.08741656548353412      0.2942334733570861       0.013343256540446493
-0.026597740133698446     0.29375366523546004      0.013751002506433211
-0.1157465783120649       0.35043971502428567      0.011388988390135522
-0.14461196458203085      0.4074050159493303       0.009708647115015769
-0.2390413035313281       0.4640123054242267       0.00773268626313809
-0.17613097485473939      0.46507784061037766      0.008220719015599247
-0.27188956747928084      0.5253794197473178       0.006415682716819201
-0.3022766136151448       0.5815210614006799       0.00534428716425988
-0.3360658663263416       0.6411880770320301       0.0043149141048884265
-0.371793957026095        0.700269861456197        0.003389056496989355
-0.4089647956991786       0.7599557220332022       0.002545564186144584
-0.4461431262273461       0.8199444921105857       0.0017879571379024932
-0.4823862840191731       0.8800576876247126       0.0011142284771302605
0.8801508679377203        -0.40723512627396063     0.0012572734495103078
0.8204338932930421        -0.36996967965971567     0.0019960735975232628
0.760948708176474         -0.333042842974921       0.002810543514705581
0.7024123168757641        -0.2978799003137989      0.003690679365164064
0.6442785662770819        -0.2634635521058199      0.004652273756326239
0.5300340330543325        -0.21021268010072142     0.006768992648474027
0.5865138485622851        -0.2293498454099585      0.005708679191819309
0.5089734550545422        -0.1570924640332453      0.007473545604361947
0.40516698530036194       -0.09943917729862901     0.010076730210195546
0.4559585196069683        -0.1305702226656889      0.008711666604693477
0.49797354913652          -0.11023710361021133     0.007922953977308966
0.40725153074671483       -0.040405101466220165    0.010271825031529487
0.3493977684733405        -0.008059105701141043    0.01195191823552831
0.23688343367351788       0.0578059341597044       0.015769531076512966
0.2929567810686796        0.025107901130370026     0.01378398350175508
0.06156621436649465       0.2364825242554296       0.015749184889674698
0.0335855757775996        0.29323479791774804      0.013745000426575546
-0.05381123717701348      0.35098980916117983      0.01178692596967741
0.00661361268438843       0.3509719274774952       0.011905050559929742
-0.08070754190452237      0.4076496896591916       0.010114341521932852
-0.10769285478724133      0.46787110134819426      0.008573354357532993
-0.2034985754791376       0.5291082030995009       0.0068274393361853316
-0.14456786747620037      0.5169999997373316       0.007383533998806652
-0.10017766529408736      0.5156318612552541       0.00760113928545834
-0.22679189315798567      0.5866743497186941       0.005719928903667928
-0.26219881642511156      0.643046595443023        0.004676281882668096
-0.29802349630458336      0.7013854760283594       0.0037037498177051073
-0.33424146712997427      0.7603878999896772       0.0028133127905696255
-0.37131223066594354      0.8201643800246471       0.0019955613246805293
-0.4081124516235602       0.8800811944866482       0.0012563989419097305
0.8802690357675088        -0.3331376090468429      0.0013846068595073722
0.8205220280214729        -0.2959065637362506      0.0021791614142800306
0.7613578558588825        -0.2595933525227156      0.0030372542759032986
0.7027127359848172        -0.22399169016524315     0.003964002285954873
0.6449105755122646        -0.1879688909851563      0.004965102335448734
0.5792095284642309        -0.1486223761560028      0.006214109254109056
0.5361435765354424        -0.11408441359450383     0.0071443270179932655
0.4686380516122465        -0.06962226589925191     0.008706296004261697
0.5201541346483467        -0.07981616614430792     0.007575010919279439
0.46595868495440784       -0.014732861441399578    0.008873167622309157
0.34945678485797527       0.052510288843044865     0.011838080904994856
0.4054979564530565        0.016952685522966485     0.01035907454309627
0.18905996017008833       0.14992580694919247      0.01595861646979228
0.2391075144830015        0.11785132905668845      0.01486115921980334
0.2935609042706899        0.08587618987482014      0.013380244571164006
0.15058956070795632       0.19190698621564628      0.0158408226740656
0.11955073621389553       0.2355224263873707       0.014961088253422244
0.09291242182158377       0.2921721105861633       0.013357334620744519
0.06598896260414543       0.3500645680711581       0.011754831949887502
-0.01866588606801232      0.4093835758914156       0.010255501332196592
0.039384057775818986      0.40866617673274236      0.010237523781465899
-0.04371819607305161      0.4598184919147729       0.00897531302672225
-0.06393577332605739      0.5025148103111016       0.007983560222366445
-0.08009233791185395      0.5381183626392284       0.0072139409308928345
-0.10957888069606928      0.5465150883954653       0.006960720640860109
-0.145710415617273        0.5816866710080563       0.006181631865534851
-0.18635998132281603      0.6451480556552933       0.0049672870963932865
-0.2236840570837508       0.7023703695743214       0.003969995078044907
-0.26018631511681634      0.761077792413956        0.00303929649026579
-0.29677912927503186      0.820448140960717        0.002178074401545321
-0.33373324874871124      0.8802023396944908       0.0013844169595552272
0.8803692318475894        -0.2591343701856064      0.0014941095792420356
0.8207429144462495        -0.22215089538994495     0.002329573033896921
0.7614258221196817        -0.18580317318257425     0.003223979967705476
0.7019364666783354        -0.14929020402238455     0.00419085951638412
0.6405743442250292        -0.11204308492845964     0.0052683151956631055
0.5744072153735723        -0.07465395802875185     0.006528531180504679
0.5228514658226451        -0.0332373476743428      0.007613859076977934
0.5120648481039554        0.013856093303635606     0.007856204244508962
0.34976241608015          0.11450912932696285      0.011418450349624134
0.45587249091839716       0.044704423953094895     0.009064993466987291
0.40578720566452403       0.0804523791861545       0.010162674050816048
0.5012260610545811        0.06555388095611428      0.008006767385956052
0.1979500275776483        0.19870605780828038      0.01434587838031851
0.24052923649471808       0.17594052462179843      0.013690990378361792
0.29379963792075064       0.1467954245509227       0.012641673721817834
0.17773561781274783       0.23995944106541384      0.01366964459647471
0.15239531141509882       0.2911141329157165       0.01263830884407065
0.12559712616363589       0.3487819257379763       0.011344152924315861
0.09809650355540635       0.4068911675337408       0.010041664518743533
0.013572115597211533      0.46593944256754594      0.008874368732888603
0.07076090421598852       0.4688264152019526       0.008698473753877832
-0.014958578410176313     0.513260471622143        0.007830387917878816
-0.049137923023338984     0.5433874254187894       0.007175298084402098
-0.07814489871747585      0.5818018343207128       0.006383297551467077
-0.11241223360151734      0.6424436371223041       0.005235997077514868
-0.1493304590503138       0.7022639372481376       0.00418571440639312
-0.18605932984258025      0.7613472611646032       0.003224542244471204
-0.22272830609863578      0.8207012768407366       0.0023290672560007243
-0.259453204445927        0.8803420661769685       0.0014940211836506712
0.8804227663573129        -0.18518801315163091     0.0015816827491584703
0.8207776481837868        -0.14833702897568904     0.0024452062158201947
0.7610947611703721        -0.1115360130178442      0.003361918956144971
0.7009005610578478        -0.07439837185502975     0.004343512542034313
0.6399655579790929        -0.036046824910312664    0.005400006686747136
0.34902053231051827       0.1766476074499026       0.010785199059179422
0.5764016867790543        0.009394982639214813     0.006569301991053636
0.5412470811379998        0.04953644811171447      0.007217271316740716
0.5362988941603902        0.08075389467521808      0.007248176799371965
0.40719992855827924       0.14440411905649803      0.009715093261949545
0.4669336571192858        0.10963362841435988      0.008584564313443009
0.5158045559991984        0.10095893090703426      0.0075948322853829405
0.23257816590075556       0.23227912225178746      0.01265029629470108
0.29131642597800894       0.20896692427582206      0.01172271429443132
0.215036041779228         0.2910248224872819       0.01162510562253054
0.1872404688664188        0.34793672675911574      0.01068134801714392
0.15775138654586818       0.4056128896123428       0.009641369733759087
0.12914602195909722       0.4594603015380887       0.008643943989433562
0.10898474951580928       0.49890583712996495      0.007908947866770117
0.033799375861670505      0.5209322001234398       0.007652910336614739
0.07951572511221672       0.5195772022967757       0.007587618613245769
-0.011449178725328756     0.5762214706956189       0.006572109415728298
-0.0402352522351264       0.6409117836412598       0.0053800143348935745
-0.07555453262671652      0.7012459764857457       0.004336515385803757
-0.11197582122131693      0.7610744421346992       0.003361611307608887
-0.14863748515700514      0.8206916618327001       0.0024460292500651866
-0.18541953030946404      0.8803755613320786       0.0015820791230179698
0.8804012380480729        -0.1111832086027285      0.0016437036229576525
0.8206706211446214        -0.07422815412394686     0.002519657597600441
0.7608707292692443        -0.03717677782863075     0.0034343229511310837
0.7011428963759238        3.815078274802534E-4     0.004385893552777084
0.6405463408187829        0.04003719973345415      0.005386522350453525
0.3457229442185336        0.23806729839936         0.010050406364147295
0.40651947144763034       0.20671984979353608      0.009158580705993605
0.5802439155920173        0.07812338898438956      0.006412229874001577
0.5453671783415428        0.11048388915662774      0.006979569783999756
0.4659741540943007        0.175256483788089        0.008208937705250342
0.5174580374068468        0.14418352830708803      0.007376544345552036
0.2885496487667648        0.2796895042097606       0.010518461184190761
0.2542523003456561        0.3460218936871294       0.009813285075153248
0.219777115384909         0.4063044914085469       0.0090268351159689
0.18666698389807457       0.46432348298782744      0.008158201749209344
0.15261560402343644       0.5122020167627035       0.007435203569429913
0.11296295582489882       0.535068303664313        0.007169312853770017
0.07241113403619547       0.5728064002187638       0.006563300629794522
0.0340311003767771        0.6384735298277932       0.005427493750461376
-0.0015521878751585856    0.7002964425108896       0.004399619617360535
-0.03789431670278099      0.7605186483481567       0.003439370417531174
-0.07457762479272778      0.8204991964787008       0.002521917152392538
-0.11137084576870314      0.880307536158349        0.0016448902968838129
0.8803534739321623        -0.037099567188214964    0.0016762079260359169
0.8205857899973378        -4.99754670813448E-5     0.002545779778344987
0.7608154541872292        0.037129402802430996     0.0034351873394775634
0.7009598084560638        0.07475143591072142      0.004342101185629342
0.3533148457376689        0.29284277980795004      0.009117060761639349
0.6416468066706921        0.11191486343256317      0.005250565036795662
0.40475462728356126       0.2673842107754254       0.008523438703471081
0.466462219535717         0.2384852947774923       0.007693132413649331
0.5796135613694912        0.14490411008000453      0.006221454079459275
0.5290694592182529        0.20133732988149022      0.00684148708114938
0.3260171459636132        0.34521133800413506      0.008761670472301359
0.28824197931933143       0.40502614258888553      0.008270899135571873
0.24744429228280893       0.46727474299112587      0.0075992125538855695
0.20543316766679154       0.5285516011101536       0.00682524474760757
0.1469283989695198        0.5764475452018657       0.006269817541855767
0.1106907469664229        0.6395380473034445       0.0052889930509709545
0.07349628215413646       0.7004295928043295       0.004352186087945651
0.036579673716847214      0.7604322976837882       0.003441322518851446
-4.0508471187683466E-4    0.8203507054957173       0.002549240245155776
-0.037258135145824954     0.8802353110422008       0.0016778552693830723
0.8803134830602432        0.037007275754415335     0.0016767966555844974
0.8205466378156859        0.0741048697343955       0.0025215428078426794
0.7608812464246625        0.11133706398775035      0.0033653823463469933
0.7015788633972387        0.1485615373447153       0.004198102417133378
0.40076165686131354       0.33546390592440156      0.007756304177500528
0.6432721921956499        0.18546720883159418      0.0050002862246831615
0.4625421658893365        0.29994824323426644      0.007181784403146361
0.45962781246079454       0.3499822520197752       0.006711113712842902
0.525943919315903         0.26846331867360324      0.006432533652213344
0.5843870732929854        0.22254841934475267      0.0057796998302808355
0.36674177060895985       0.4056727225182451       0.007288083364279004
0.3163482594016963        0.4645241944137102       0.0069859114106669
0.27299820337440195       0.5278461951713911       0.006367753605171799
0.22915567924710922       0.5840238211284116       0.005749763701642763
0.18601242073130392       0.6419287888521191       0.005019597918231532
0.14814520759024077       0.7007945618018789       0.004211200406090173
0.11084136284468267       0.7604999399992253       0.003371781937807471
0.07381668504108287       0.8203174222391203       0.002525076384615138
0.03687865806705178       0.8801860861174724       0.0016786395357773298
0.8802848462873043        0.11109856941678331      0.0016453810958439858
0.8205431204595054        0.14819986210573743      0.002448690789899046
0.7610072749069691        0.18536913587608495      0.0032309164365345064
0.701801904377689         0.2225856382180472       0.003981906970242959
0.4323326968157355        0.3872051510071105       0.006673928646883566
0.6425727862271768        0.2601218797239308       0.004693165654933344
0.48327575071743106       0.385177782304465        0.006022424607953799
0.5177027598787294        0.339910477234901        0.00597560102467922
0.5825028761922523        0.2994030606640071       0.005348908570598496
0.41983224962477345       0.4347898876582087       0.00626026905544548
0.38202572603375673       0.47095490044689675      0.006217553227857455
0.34278039174954195       0.5280858428272132       0.005804388391794951
0.3023750581625117        0.5858429366283715       0.005281121561905082
0.26187878997350467       0.6433237840051639       0.0046737703126768825
0.22274611550005252       0.7016327765926582       0.003983821418052188
0.1850843173448463        0.7607382252594969       0.0032353934728559628
0.14794480586622086       0.8203414227260609       0.002451870434917278
0.11098096869204988       0.880157569811454        0.0016472346741217673
0.8802654738048005        0.18517413054600848      0.001583807467440913
0.8205340938847159        0.22226265759951647      0.002332164934405664
0.7609892738834373        0.25941325138610266      0.003042705999228131
0.7015438148097591        0.29665543885204665      0.0037073020048536062
0.4742183412192932        0.42823145064321666      0.005692783423373091
0.6420123614040111        0.33407647293135606      0.004315248531138172
0.5276527867645967        0.4051006985998319       0.005269612916018269
0.582398357034707         0.37129779607549934      0.004852597044031771
0.4438427134461219        0.48188521367557424      0.005441295893654437
0.41005658914770615       0.5319483965619556       0.005173269539846092
0.3728835449444534        0.5874055701173176       0.004777110841183968
0.3346607514845457        0.6443595748979256       0.004281123847941129
0.2965484196636025        0.7022490027228326       0.0036983413065474423
0.25900287348285067       0.7610118733464791       0.0030435826014394937
0.2219203127453021        0.8204064645139266       0.0023345073475671725
0.18503366083630057       0.8801520495120989       0.0015854747538096641
0.8802447185934351        0.25925032792413893      0.0014955277854667578
0.8204942808742048        0.2963254894359783       0.002178544227346027
0.7608491669772555        0.3334080010404777       0.0028105169387143063
0.7013575175911931        0.37026002097322025      0.003383261546661721
0.5192620071576215        0.47892593373671133      0.004690337814920836
0.6417179676830566        0.4067256395721583       0.0038912164006255946
0.5829617467489144        0.44280686623831933      0.004311449970656008
0.47696258611552683       0.5345599381162561       0.0045492254465687295
0.44205585642237527       0.589098641995735        0.00424903832928453
0.4057103700138986        0.6451865293375977       0.003857066095792607
0.36905051860551663       0.7026398787309923       0.0033735387290113566
0.33232088214426936       0.7611585074700958       0.0028104340792824184
0.29563425453247544       0.8204369145813963       0.0021808490713877073
0.258937988252792         0.8801554723893971       0.0014970809721670199
0.8802195484566079        0.3333334697651926       0.0013848665803059231
0.8204232378955535        0.37037526652842395      0.0019951166592796226
0.7607179692696229        0.4072368544734989       0.0025438106854766963
0.70136817919866          0.44345768119527723      0.0030235238329660336
0.5343085121136989        0.5405078365308733       0.003980722672774269
0.5838019145154267        0.5130301047132897       0.0037583431771411797
0.6422678483186243        0.479092321726088        0.003428942301220216
0.5113752415598081        0.5901089918954764       0.0037114314475565065
0.4754317836874944        0.6455899237728585       0.0034188204891408692
0.4404354058624154        0.7026664705447924       0.003025084256499607
0.40497703922540157       0.7610903735033013       0.0025483236808449133
0.36903748254810215       0.8203531819298924       0.0019994662658196997
0.33274026207891033       0.8800934175262257       0.0013873070207972313
0.8801914384118935        0.4074149316263754       0.0012565140378833514
0.8203723640249475        0.444336272346732        0.0017889082523450809
0.7608844725139075        0.4807129978008205       0.00225085896163222
0.7016838071463434        0.5162960918462987       0.0026403538222854097
0.5815679762999094        0.5859058278909466       0.00320276300690455
0.642443396453792         0.550941842156799        0.0029578563359023255
0.5425253463928095        0.6451992229854188       0.0029893502051421862
0.5106429763042173        0.701740399458805        0.0026698752366650954
0.47704508453934835       0.7605737090637313       0.0022688523021235645
0.44211496389183874       0.8200422109750196       0.0017987405633131872
0.40636593311385333       0.8799351887713724       0.0012611538964609227
0.8801379071489649        0.48150753345154457      0.0011152219629586237
0.8205132646675635        0.5180783630426928       0.0015656892807877222
0.7613030434938594        0.553808602417807        0.0019421274336532057
0.5981475128967491        0.6495903183745504       0.0025909834557934453
0.7024023518961461        0.5885528540041924       0.002245258732495973
0.6444880064538245        0.6204410255053897       0.002482167646891837
0.5772850045224762        0.6996640213017807       0.0023280835993711034
0.5490701429898723        0.7590973697065186       0.0019806954813257577
0.5149237420183858        0.8193388982676734       0.0015858698094747194
0.479789312686723         0.8796014495845662       0.0011236711970636292
0.880201421711205         0.5555190546021153       9.63975846331766E-4
0.820826774889368         0.5916805736731621       0.0013318088138286395
0.7617254862403593        0.6271334142980091       0.0016244369893214027
0.6417503627084883        0.6875488534296774       0.0020539805014798533
0.7027703715886976        0.6626961478008511       0.001838039573459992
0.6192989905535597        0.755103457741501        0.0017049699307778111
0.5878658386433335        0.8180507043882996       0.0013649873744585826
0.5531328842479716        0.8790100661856407       9.786255618784037E-4
0.8805254139141037        0.629478878713469        8.055102399705641E-4
0.8209239646768873        0.6657398238868866       0.0010927274856817571
0.7621430130818535        0.7002875175722693       0.0013041990236803396
0.6987964243346976        0.743167141191087        0.001415969371837429
0.6616569271012689        0.8150768588378314       0.0011423037228027557
0.6265926287243145        0.8781539703137472       8.278373951042555E-4
0.8809969134370249        0.704185874374444        6.422319357453008E-4
0.822958610088303         0.7396726729260592       8.421379719392837E-4
0.7663958648087551        0.7626413636772689       0.0010139288090105858
0.7355007289141952        0.8157521543076892       8.905609662762344E-4
0.7002923267691351        0.8782612530396713       6.656184644100298E-4
0.8812130232971939        0.7779165986037267       4.8176951864583516E-4
0.8142134914901371        0.816604406448318        6.225822279715148E-4
0.7716493389811774        0.8787619026519587       5.05576402233831E-4
0.886185909441912         0.8515335175550197       3.086448231287325E-4
0.8317123998000451        0.8837083149272363       3.574651138263361E-4
-0.08411489986242632      -0.0841062757724034      0.023212224906445613
-0.028008618250831684     -0.07771475694983285     0.02497844742227656
-0.0749698747761804       -0.03352263138308075     0.02501199871205886
0.03158452439427734       -0.08241327214563617     0.024722151074287515
0.08230565568877486       -0.08591933377037356     0.023210477184463417
-0.0684640730602833       0.0313840290870235       0.025298314618003408
-0.08219379520548023      0.08482440385905178      0.023260158729349247
0.06651553762566725       -0.035589138298413564    0.025300343881696687
-0.030008711261294032     0.08024493773698495      0.024841748936425073
0.06509841213439431       0.03160491277860577      0.025416600619280087
0.030325707559918962      0.08028407794228364      0.024835187873507154
0.08158472979857381       0.08487763639529552      0.023282424338403912
0.01351416283179567       -0.04368372962014792     0.026248610779042215
-0.025485148972056258     -0.016371620833769394    0.026563851635250404
0.024484571351576268      -0.0058124920880348605   0.02663864131712932
0.0027798931380803556     0.034977115533550804     0.026478232917954734
